1 3 92 110 6 20
1 2 184 173 18 27
1 1 179 407 36 77
2 2 184 173 18 27
2 1 179 407 38 77
3 3 92 110 6 21
3 2 183 173 19 27
3 1 179 407 38 76
4 3 92 110 7 21
4 2 183 173 18 26
4 1 178 407 38 76
5 2 183 173 17 26
5 1 178 407 38 76
6 2 183 173 17 26
6 1 178 407 38 76
7 2 182 173 18 26
7 1 177 407 39 77
8 2 182 173 17 25
8 1 178 407 38 76
9 2 182 173 18 26
9 1 177 407 39 77
10 2 181 173 18 25
10 1 177 407 39 77
11 2 181 173 19 25
11 1 177 407 39 77
12 2 180 173 19 24
12 1 177 407 38 77
13 2 180 173 19 24
13 1 177 406 39 78
14 2 179 173 18 24
14 1 177 406 39 78
15 2 179 173 18 24
15 1 177 406 39 78
16 2 180 173 17 23
16 1 177 406 38 78
17 2 180 173 17 24
17 1 177 406 38 78
18 2 180 173 17 24
18 1 177 406 38 79
19 2 180 173 17 24
19 1 177 406 39 79
20 2 180 173 17 24
20 1 177 406 38 80
21 2 180 173 17 24
21 1 177 406 38 79
22 2 179 173 19 23
22 1 177 405 38 79
23 4 131 388 17 26
23 2 179 174 20 23
23 1 177 405 38 79
24 4 131 388 17 26
24 3 96 105 8 22
24 2 180 174 21 23
24 1 178 405 38 79
25 4 131 388 17 26
25 2 180 174 21 24
25 1 178 405 37 80
26 4 131 388 17 26
26 2 180 174 21 24
26 1 178 404 37 80
27 4 131 388 17 26
27 2 181 174 21 23
27 1 177 404 37 80
28 4 131 388 17 26
28 2 181 174 22 23
28 1 178 404 37 80
29 4 131 388 17 26
29 2 182 174 22 23
29 1 178 404 37 81
30 4 131 388 17 26
30 2 182 174 22 23
30 1 178 404 37 81
31 4 131 388 17 26
31 2 182 174 21 23
31 1 177 404 36 81
32 4 131 388 17 26
32 2 182 174 22 23
32 1 177 404 36 81
33 4 131 388 17 26
33 2 183 174 20 23
33 1 177 404 36 82
34 4 131 388 17 26
34 2 183 174 21 23
34 1 177 404 36 82
35 4 131 388 17 26
35 2 184 173 20 23
35 1 177 404 36 82
36 4 131 388 17 26
36 2 184 173 20 23
36 1 177 404 37 82
37 4 131 388 17 26
37 2 184 173 20 23
37 1 177 404 37 82
38 4 131 388 17 26
38 2 185 173 20 22
38 1 178 404 36 81
39 4 131 388 17 26
39 2 185 173 19 22
39 1 178 404 36 81
40 4 131 388 17 26
40 2 187 172 17 23
40 1 178 404 36 81
41 4 131 388 17 26
41 2 187 172 18 23
41 1 178 404 36 81
42 4 131 388 17 26
42 2 187 171 17 23
42 1 178 404 36 80
43 4 131 388 18 26
43 2 188 171 17 24
43 1 178 404 36 80
44 4 130 388 17 26
44 2 188 171 18 24
44 1 178 404 36 80
45 4 131 388 17 26
45 2 188 170 17 24
45 1 178 405 36 80
46 2 188 170 17 24
46 1 177 405 37 81
47 2 189 170 17 24
47 1 177 405 38 80
48 2 189 170 17 24
48 1 177 404 38 80
49 4 131 388 17 26
49 2 190 169 17 24
49 1 178 405 36 80
50 4 131 388 17 26
50 2 190 169 17 24
50 1 178 405 36 80
51 4 131 388 17 26
51 2 190 169 17 25
51 1 178 405 36 80
52 4 131 388 17 26
52 2 190 169 17 25
52 1 178 405 35 80
53 4 131 388 17 26
53 2 190 169 17 25
53 1 179 405 35 79
54 4 130 388 17 26
54 2 191 169 17 25
54 1 179 405 35 79
55 4 130 388 17 26
55 2 191 168 17 26
55 1 179 405 35 79
56 4 130 388 17 26
56 2 192 168 17 27
56 1 179 405 35 79
57 4 130 388 17 26
57 2 192 168 17 27
57 1 179 405 35 79
58 4 130 388 17 26
58 2 192 168 17 27
58 1 179 405 35 79
59 4 130 388 18 26
59 2 192 167 18 27
59 1 179 405 35 79
60 2 192 167 18 28
60 1 179 405 35 79
61 2 192 167 18 28
61 1 179 405 34 79
62 4 130 388 18 26
62 2 192 167 19 28
62 1 179 405 34 80
63 4 130 388 18 26
63 2 193 167 18 28
63 1 179 405 34 80
64 4 131 388 17 26
64 2 193 167 18 28
64 1 179 405 34 79
65 4 131 388 17 26
65 2 193 167 20 27
65 1 179 405 34 79
66 4 131 388 17 26
66 2 193 167 20 28
66 1 179 405 34 79
67 4 131 388 17 26
67 1 179 405 34 79
68 4 131 388 17 25
68 1 179 405 34 79
69 4 131 388 17 26
69 1 179 405 34 79
70 4 131 388 17 26
70 1 179 405 34 79
71 4 131 388 17 26
71 1 179 405 34 80
72 4 131 388 17 26
72 1 179 405 34 80
73 4 131 388 17 26
73 1 179 405 34 79
74 4 131 388 17 26
74 2 197 169 20 27
74 1 179 405 34 79
75 4 131 388 17 26
75 1 179 405 34 79
76 4 131 388 17 26
76 1 179 405 34 79
77 4 131 388 17 26
77 1 179 405 34 79
78 4 131 388 17 26
78 1 179 405 34 79
79 4 131 388 17 26
79 1 179 405 34 79
80 4 131 388 17 26
80 1 179 405 34 79
81 4 131 388 17 26
81 2 199 168 19 25
81 1 179 405 34 79
82 4 131 388 17 26
82 1 179 405 34 79
83 4 131 388 17 26
83 1 179 405 34 79
84 4 131 388 17 26
84 1 179 405 34 80
85 4 131 388 17 25
85 1 179 405 35 80
86 4 131 388 17 26
86 1 179 405 34 81
87 4 131 388 16 25
87 1 179 405 34 81
88 4 131 388 16 26
88 1 179 404 34 81
89 4 131 388 16 26
89 1 179 405 34 81
90 4 131 388 17 26
90 1 180 405 33 81
91 4 131 388 17 26
91 2 202 167 17 24
91 1 180 405 32 81
92 4 131 388 16 26
92 2 202 167 17 24
92 1 180 405 31 81
93 4 131 388 16 26
93 1 180 404 31 81
94 4 131 388 16 26
94 2 203 167 18 27
94 1 180 405 31 81
95 4 131 388 16 26
95 2 203 168 17 29
95 1 180 405 31 81
96 4 131 388 16 26
96 2 204 169 16 34
96 1 180 405 31 81
97 4 131 388 16 26
97 2 204 169 16 33
97 1 180 405 31 80
98 2 204 169 15 34
98 1 180 405 31 80
99 2 205 169 14 34
99 1 180 405 31 79
100 2 205 168 13 34
100 1 180 405 31 79
101 2 205 168 12 34
101 1 180 405 31 79
102 2 206 168 12 34
102 1 180 405 31 78
103 2 206 168 12 34
103 1 180 406 31 78
104 2 205 168 12 34
104 1 180 406 31 78
105 2 205 168 12 34
105 1 180 406 31 78
106 2 205 168 11 35
106 1 180 405 31 79
107 2 204 167 11 35
107 1 181 406 30 79
108 2 204 167 11 36
108 1 181 406 30 79
109 2 204 167 12 36
109 1 181 405 30 79
110 2 202 167 11 36
110 1 180 405 30 80
111 2 202 166 11 35
111 1 180 405 30 80
112 2 201 166 11 35
112 1 181 405 30 79
113 2 201 166 12 35
113 1 180 405 30 80
114 2 200 165 11 34
114 1 180 405 30 80
115 2 199 165 11 35
115 1 180 405 30 80
116 5 223 309 30 59
116 2 199 165 12 35
116 1 180 405 30 80
117 5 223 309 31 59
117 2 198 165 12 35
117 1 180 404 30 81
118 5 223 309 31 59
118 2 197 165 12 35
118 1 180 404 30 81
119 5 223 309 31 60
119 2 197 165 11 32
119 1 180 405 30 81
120 5 223 310 32 61
120 2 196 165 12 33
120 1 181 405 30 81
121 5 224 310 32 62
121 1 181 404 29 81
122 5 223 310 32 62
122 2 195 165 12 33
122 1 181 404 29 82
123 5 223 310 32 62
123 2 195 166 12 31
123 1 181 404 29 82
124 5 223 310 33 63
124 2 194 166 13 31
124 1 181 404 29 83
125 5 223 311 32 62
125 2 194 166 13 31
125 1 181 403 29 83
126 5 223 311 32 62
126 2 193 166 13 31
126 1 181 403 29 83
127 5 223 312 32 65
127 1 181 403 28 83
128 5 223 312 32 65
128 1 180 403 28 83
129 5 223 312 32 64
129 1 180 403 29 83
130 5 223 311 32 64
130 1 180 403 29 85
131 5 223 312 31 64
131 1 180 404 29 86
132 5 223 312 31 65
132 1 179 404 29 87
133 5 223 312 31 65
133 1 176 405 34 87
134 5 223 312 31 66
134 1 179 406 28 85
135 5 223 312 32 65
135 1 180 406 30 85
136 5 223 312 32 65
136 1 180 406 30 85
137 5 223 312 32 64
137 1 181 406 31 86
138 5 223 312 32 64
138 1 182 407 34 85
139 5 223 312 32 64
139 1 183 407 35 85
140 5 224 312 33 64
140 1 183 407 35 84
141 5 224 311 33 63
142 5 224 311 33 64
143 5 224 311 33 64
144 6 173 166 12 28
144 5 224 311 33 64
144 1 187 408 41 82
145 5 223 311 33 63
145 1 189 409 42 81
146 6 172 165 12 29
146 5 223 311 32 63
146 1 191 409 43 81
147 6 171 166 13 30
147 5 223 311 32 63
147 1 194 410 45 83
148 6 171 166 13 29
148 1 194 409 44 84
149 7 130 388 17 26
149 6 170 166 13 28
149 1 195 411 42 81
150 7 130 388 17 26
150 6 169 167 13 29
150 1 197 411 40 82
151 7 130 388 17 26
151 6 169 167 12 28
151 1 198 411 39 82
152 8 164 167 19 30
152 7 130 388 17 26
152 6 168 167 13 29
152 1 199 414 38 76
153 7 130 388 17 26
153 6 167 167 14 31
153 1 200 416 37 72
154 7 131 388 17 26
154 6 166 168 13 29
154 1 201 415 33 74
155 7 131 388 17 26
155 6 165 168 14 32
155 1 202 413 31 76
156 7 131 388 17 26
156 6 164 168 14 32
156 1 203 415 28 74
157 7 131 388 17 26
157 6 163 169 14 33
157 1 205 415 27 73
158 7 131 388 17 26
158 6 162 169 14 34
158 1 207 412 30 78
159 8 163 169 9 26
159 7 131 388 17 26
159 6 159 172 11 38
159 1 209 408 31 86
160 8 162 170 10 25
160 7 131 388 17 26
160 6 160 174 14 42
160 1 210 408 30 85
161 7 131 388 17 26
161 6 159 180 15 52
161 1 211 409 28 82
162 7 131 388 17 26
162 6 159 180 16 50
162 1 213 409 29 82
163 7 131 388 17 26
163 6 158 181 16 52
163 1 216 412 31 77
164 7 131 388 17 26
164 6 157 182 17 53
164 1 219 411 32 78
165 7 131 388 17 26
165 6 156 183 17 52
165 1 220 410 31 78
166 7 130 388 17 26
166 6 156 184 17 54
166 1 220 409 30 79
167 7 131 388 17 26
167 6 155 184 17 55
167 1 222 405 29 70
168 7 131 388 17 26
168 6 154 184 17 55
168 1 223 407 30 80
169 7 131 388 17 25
169 6 153 184 18 54
169 1 224 408 29 76
170 7 131 388 17 25
170 6 151 185 18 54
170 1 227 402 25 75
171 7 131 388 17 25
171 6 150 185 19 53
171 1 228 402 26 77
172 9 223 401 39 77
172 6 150 185 19 53
172 1 230 401 25 77
173 6 150 185 18 53
173 1 230 400 27 76
174 6 149 186 18 53
175 6 149 187 18 54
175 1 236 399 31 79
176 6 148 188 19 54
176 1 237 399 32 78
177 6 148 190 19 54
177 1 239 399 35 78
178 6 148 190 20 55
178 1 243 399 39 78
179 6 148 191 19 52
179 1 244 399 38 78
180 6 148 193 17 51
180 1 243 399 35 78
181 6 148 193 16 51
181 1 244 399 33 77
182 6 148 193 17 53
182 1 245 399 32 77
183 6 148 193 17 53
183 1 245 398 31 76
184 6 148 194 18 53
184 1 246 397 31 75
185 6 147 195 18 54
185 1 247 397 29 74
186 6 147 195 18 55
186 1 250 400 27 67
187 6 146 196 18 55
187 1 251 401 25 64
188 6 146 197 18 57
188 1 251 403 22 60
189 6 146 197 19 57
189 1 254 408 19 52
190 6 145 198 19 54
191 9 256 398 26 71
191 6 145 201 19 57
192 6 144 202 19 58
193 6 144 202 19 57
194 6 143 202 19 58
195 6 143 202 19 58
196 6 142 203 21 58
197 6 142 203 20 58
198 6 141 203 20 57
199 6 141 204 20 57
200 9 262 397 25 72
200 6 141 204 20 56
201 9 263 397 23 69
201 6 141 205 20 55
202 6 141 206 20 56
203 6 141 207 20 57
204 9 267 390 29 77
204 6 141 207 20 58
205 9 267 386 28 83
205 6 142 209 20 60
206 9 269 389 27 76
206 6 142 208 20 58
207 6 143 209 20 56
208 6 143 209 19 57
209 6 143 208 20 56
210 6 143 209 20 60
211 6 144 212 20 56
212 11 560 304 17 36
212 6 144 213 19 59
213 9 269 385 29 73
213 6 144 213 19 61
214 6 144 213 19 60
215 9 270 384 30 73
215 6 144 214 19 60
216 6 144 216 19 60
217 6 143 217 20 60
218 6 143 218 20 60
219 11 549 304 31 49
219 6 143 219 19 59
220 6 143 219 18 60
221 6 143 219 19 60
222 6 143 220 20 60
223 6 143 221 21 60
224 6 144 221 21 59
225 11 529 302 31 54
225 6 144 222 22 59
226 11 528 301 30 54
226 6 144 223 22 60
227 11 527 296 27 48
227 6 145 223 21 60
228 11 526 296 26 50
228 6 146 224 23 59
229 6 146 224 24 60
230 6 147 225 23 60
231 6 147 226 23 60
232 6 147 226 22 60
233 6 148 227 21 59
234 11 510 293 31 52
234 6 148 227 20 59
235 11 508 292 32 54
235 6 149 227 21 59
236 11 508 291 34 55
236 6 149 227 21 59
237 11 510 290 42 56
237 6 149 227 21 58
238 11 505 283 31 67
238 6 151 227 21 58
239 11 503 288 27 51
239 6 151 228 21 58
240 11 502 283 25 53
240 6 151 229 21 58
241 11 502 284 24 51
241 6 152 230 20 55
242 11 501 283 19 50
242 6 152 229 21 57
243 11 500 282 19 50
243 6 154 231 21 53
244 11 498 282 21 52
244 6 154 231 21 54
245 11 496 283 24 52
245 6 154 231 21 55
246 11 492 282 35 53
246 6 154 232 21 52
247 11 487 282 32 53
247 6 154 234 21 50
248 11 485 281 31 53
248 6 155 233 20 52
249 11 484 280 30 53
250 11 483 278 29 54
251 11 481 273 26 58
252 11 480 273 24 55
253 11 480 274 22 54
253 6 159 234 20 57
254 6 160 235 18 56
255 11 476 272 20 55
255 6 161 235 18 56
256 11 474 271 20 52
257 11 470 272 25 55
258 11 466 270 30 61
259 11 463 272 30 55
260 11 462 272 32 55
261 11 461 271 31 55
262 11 460 269 29 53
263 11 459 268 27 54
264 11 457 264 22 50
265 11 457 263 19 50
266 11 456 263 18 49
267 11 455 263 18 51
268 11 454 263 18 52
269 11 452 263 15 53
269 6 177 244 18 57
270 16 445 261 28 56
270 6 178 245 17 58
271 16 443 261 29 58
271 6 179 245 16 56
272 16 442 261 28 55
273 16 441 261 28 55
273 6 182 251 19 66
274 16 440 261 27 51
274 6 182 246 16 58
275 16 438 264 20 37
275 6 184 251 15 64
276 6 185 248 15 58
277 6 186 251 14 65
278 6 187 252 15 66
279 6 189 253 15 68
280 11 429 252 25 57
280 6 191 254 17 68
281 11 427 252 29 56
281 6 191 254 18 66
282 11 423 252 30 57
282 6 193 254 20 67
283 11 422 251 29 58
283 6 194 254 21 68
284 11 421 251 29 57
284 6 195 255 19 67
285 11 420 250 29 57
286 11 419 249 30 59
286 6 197 256 19 66
287 11 419 244 29 63
288 11 416 243 23 56
288 6 199 256 17 66
289 15 273 387 26 68
289 11 415 244 21 53
289 6 200 254 17 69
290 15 272 386 27 70
290 11 414 239 19 60
290 6 201 255 16 70
291 15 272 385 27 71
291 11 413 239 18 61
291 6 202 254 18 68
292 15 272 387 26 68
292 11 411 240 18 59
292 6 204 255 21 68
293 15 272 387 25 67
293 11 409 240 19 59
293 6 204 254 21 67
294 15 272 387 26 67
294 11 406 241 23 57
294 6 206 254 20 68
295 11 405 242 24 57
295 6 206 255 21 68
296 11 403 238 28 63
296 6 209 254 24 66
297 17 399 220 35 63
297 11 402 240 28 59
298 11 401 240 28 57
300 11 400 240 17 52
306 11 390 233 15 53
308 11 389 233 14 53
309 11 389 233 13 54
337 6 207 247 23 68
338 6 207 245 22 65
339 6 207 245 22 66
340 6 208 242 18 58
342 6 207 243 19 63
343 6 207 246 17 57
344 6 207 244 18 62
354 6 201 241 25 62
355 6 201 238 26 68
356 6 200 238 26 68
357 6 199 237 24 68
358 6 198 237 23 68
359 6 195 236 20 69
360 6 194 236 18 70
361 6 194 236 19 71
362 6 193 236 20 71
363 6 192 235 22 71
364 18 530 291 31 46
365 18 528 290 31 48
366 18 526 290 27 48
367 18 525 289 26 48
368 18 525 289 25 50
368 6 190 233 21 71
369 19 296 183 18 30
369 18 524 285 21 56
369 6 189 230 20 68
371 19 294 185 17 43
372 19 294 186 17 42
372 18 518 294 14 38
373 19 292 185 15 44
373 18 512 284 30 57
374 18 507 293 31 41
375 18 506 293 33 40
376 20 505 279 31 64
377 20 504 279 29 60
377 19 287 185 14 46
377 18 504 289 28 45
378 20 502 277 26 57
378 19 285 184 15 48
379 20 501 276 24 52
379 19 283 184 16 48
379 6 184 225 26 67
380 20 500 269 20 59
380 19 280 184 23 46
381 20 498 271 20 61
381 19 279 183 23 46
381 6 182 221 22 62
382 20 495 270 21 61
382 19 279 183 23 46
382 6 180 220 19 62
383 20 496 268 15 62
383 19 278 183 22 45
383 18 490 268 27 62
384 19 278 182 21 46
384 18 487 269 31 63
385 19 276 179 16 45
385 18 483 269 32 64
386 19 275 180 14 43
386 18 483 268 32 64
387 19 274 178 13 48
387 18 482 266 32 64
388 19 273 177 13 50
388 18 480 266 29 64
389 19 272 177 13 49
389 18 479 263 25 61
390 19 268 177 15 49
390 18 477 261 21 58
391 19 267 177 17 47
391 18 477 258 17 59
392 19 266 177 18 48
392 18 475 258 18 63
393 19 265 177 19 48
393 18 473 258 17 64
394 19 264 176 20 50
394 18 470 257 20 65
395 19 263 175 18 51
395 18 463 258 31 65
395 6 171 215 23 63
396 19 262 174 16 49
396 18 463 260 31 61
396 6 171 214 25 63
397 19 261 173 14 50
397 18 461 257 31 64
397 6 171 214 26 64
398 19 259 172 12 47
398 18 459 255 28 65
398 6 170 215 26 64
399 19 258 170 12 49
399 18 458 256 26 52
399 6 169 215 26 63
400 19 258 171 12 48
400 18 456 251 23 58
400 6 168 213 26 63
401 22 219 315 28 65
401 19 254 170 14 50
401 18 455 250 18 51
401 6 167 213 27 63
402 22 219 316 28 65
402 19 254 171 14 49
402 18 453 251 19 53
402 6 166 213 28 62
403 22 219 315 27 64
403 19 250 170 20 50
403 18 451 251 18 53
403 6 166 212 29 61
404 22 219 314 28 67
404 19 250 170 21 50
404 18 448 258 16 35
404 6 165 213 28 61
405 22 219 315 28 66
405 19 249 171 22 49
405 18 444 246 25 63
406 22 219 315 28 66
406 19 248 170 22 48
406 18 440 246 31 63
407 22 219 315 28 64
407 19 247 169 21 49
407 18 439 246 31 63
407 6 157 215 14 56
408 19 247 169 20 49
408 18 438 246 31 62
408 6 156 215 15 57
409 19 246 168 19 48
409 18 437 252 30 44
409 6 156 213 15 57
410 23 436 252 28 44
410 19 245 167 16 48
410 18 436 243 29 62
410 6 155 212 15 56
411 19 242 166 13 48
411 18 432 243 22 48
411 6 155 212 17 59
412 23 431 245 16 41
412 22 219 316 28 64
412 19 241 166 13 48
412 18 433 238 21 55
412 6 154 211 16 57
413 22 219 315 28 64
413 19 240 166 13 48
413 6 154 211 16 57
414 23 427 236 15 60
414 22 219 316 28 64
414 19 239 166 14 48
414 18 425 236 21 61
414 6 153 211 17 59
415 22 219 316 27 63
415 19 238 166 16 48
415 18 425 235 21 61
415 6 154 212 17 59
416 19 236 166 18 48
416 18 420 236 25 61
416 6 153 210 15 56
417 23 424 239 15 53
417 19 235 166 18 47
417 18 419 239 26 53
417 6 153 210 16 58
418 23 422 238 18 55
418 19 235 165 19 48
418 18 417 238 29 56
418 6 152 210 16 57
419 22 219 316 27 63
419 19 234 165 19 48
419 18 416 236 29 59
419 6 152 210 18 56
420 19 233 165 16 48
420 18 415 239 27 54
420 6 152 210 17 55
421 19 232 163 15 46
421 18 413 232 23 62
421 6 152 210 18 53
422 19 229 162 12 46
422 18 412 229 21 54
422 6 151 211 17 51
423 19 229 162 12 47
423 18 410 228 17 54
423 6 151 211 17 52
424 19 227 161 13 47
424 18 409 229 18 56
424 6 151 210 17 52
425 19 226 161 12 47
425 18 409 229 19 57
425 6 150 210 18 52
426 19 225 161 14 47
426 18 409 229 19 56
426 6 149 208 21 58
427 19 222 161 18 47
427 18 406 238 12 36
427 6 148 207 19 58
428 19 221 161 19 47
428 18 404 238 14 35
429 19 221 161 19 47
429 6 148 207 18 58
430 19 221 161 20 47
430 6 147 207 17 59
431 23 396 228 23 53
431 19 220 160 19 47
431 6 147 207 18 59
432 19 219 159 17 46
432 6 147 207 18 59
433 19 218 158 16 46
433 6 147 207 17 59
434 19 217 157 14 45
434 6 147 207 17 59
435 19 216 156 13 46
435 6 147 207 17 59
436 19 214 157 13 45
436 6 147 207 16 59
437 19 212 157 14 45
437 6 147 207 16 58
438 19 211 157 15 45
438 6 147 207 16 59
439 19 211 157 16 45
439 6 147 207 16 58
440 19 210 157 17 45
440 6 147 207 17 58
441 19 209 157 17 45
441 6 147 208 18 58
442 19 209 156 17 46
442 6 148 208 20 57
443 22 219 315 26 61
443 19 207 154 15 44
443 6 148 209 22 56
444 26 372 193 10 26
444 19 206 153 14 43
444 6 148 209 24 55
445 19 205 153 13 43
445 6 147 209 23 55
446 22 219 315 26 62
446 19 205 152 12 43
446 6 145 210 20 53
447 19 204 153 12 42
447 6 145 211 20 51
448 22 219 314 26 63
448 19 202 154 12 40
449 19 201 154 13 39
450 19 200 155 15 39
451 22 218 312 26 61
451 19 199 154 17 40
452 19 198 154 18 40
453 19 197 154 18 39
454 19 198 154 18 39
455 19 197 153 18 39
456 19 196 153 16 38
457 19 195 152 14 38
458 27 190 151 17 38
459 27 190 151 16 38
460 27 190 151 13 39
461 27 190 151 12 38
462 19 189 151 13 38
463 19 189 151 13 38
464 22 217 310 21 51
464 19 187 151 15 38
465 19 187 151 16 38
466 22 217 311 21 53
466 19 186 150 16 40
467 19 186 149 17 40
468 19 185 148 14 40
469 19 183 146 13 42
470 19 182 146 12 40
471 19 182 145 12 35
472 19 181 146 13 41
472 6 136 214 22 59
473 22 217 311 21 52
473 19 179 148 11 36
473 6 136 215 22 59
474 22 217 311 22 52
474 19 177 148 15 35
474 6 136 215 24 60
475 28 329 175 15 30
475 22 217 311 22 53
475 19 176 148 17 35
475 6 137 214 25 63
476 22 217 311 22 52
476 19 176 148 17 35
476 6 137 214 25 63
477 22 217 311 22 52
477 19 175 148 16 35
477 6 135 214 21 62
478 22 218 310 23 55
478 19 176 148 16 35
479 22 218 310 23 55
479 19 174 147 15 35
479 6 135 215 20 60
480 28 326 172 14 35
480 22 218 310 23 55
480 19 173 145 15 36
480 6 134 215 21 62
481 28 326 173 14 35
481 19 172 145 13 37
481 6 134 216 20 60
482 28 324 172 13 36
482 19 171 145 11 35
482 6 137 214 28 63
483 28 322 173 13 35
483 22 218 309 24 57
483 19 170 145 10 35
483 6 137 215 27 61
484 28 321 172 17 36
484 19 169 143 12 37
484 6 136 216 23 60
485 28 321 173 17 37
485 19 167 142 13 40
485 6 136 215 24 62
486 28 321 172 16 40
486 19 167 142 13 40
486 6 135 216 23 60
487 28 321 171 16 40
487 19 166 143 13 39
487 6 134 216 21 59
488 28 320 172 17 41
488 19 166 143 13 39
488 6 136 216 23 59
489 29 125 143 9 21
489 28 318 172 14 42
489 19 166 143 13 38
489 6 135 217 23 60
490 28 317 170 15 46
490 19 165 142 14 39
490 6 135 217 22 59
491 28 316 169 16 45
491 19 164 142 14 39
491 6 134 216 23 61
492 28 315 169 16 43
492 19 163 141 12 35
492 6 134 216 23 64
493 28 315 168 16 44
493 19 162 141 11 36
493 6 134 216 23 65
494 28 315 168 16 43
494 19 162 140 12 36
494 6 133 216 22 64
495 28 313 168 14 44
495 19 160 140 11 38
495 6 133 217 23 64
496 28 313 169 14 45
496 19 159 140 11 38
496 6 133 218 23 61
497 28 312 166 13 46
497 19 158 139 11 39
497 6 132 217 24 64
498 28 312 165 14 45
498 19 157 139 12 39
498 6 132 216 24 65
499 28 311 166 14 43
499 19 156 139 15 39
499 6 132 216 23 64
500 28 310 163 14 47
500 19 156 139 17 40
500 6 132 218 24 62
501 28 310 163 14 48
501 19 155 139 17 39
501 6 132 219 23 60
502 28 309 162 15 48
502 19 155 139 16 38
502 6 132 218 22 62
503 28 309 163 15 49
503 19 154 139 16 37
503 6 133 218 22 62
504 28 309 162 15 48
504 19 154 139 16 37
504 6 133 219 22 61
505 28 308 162 15 49
505 19 154 138 16 38
505 6 131 217 23 64
506 28 308 161 14 50
506 19 151 138 13 37
506 6 131 217 24 64
507 28 308 160 14 48
507 19 150 137 12 38
507 6 131 218 23 63
508 28 307 158 15 47
508 19 149 136 14 39
508 6 131 217 24 64
509 28 307 157 16 46
509 19 148 136 14 38
509 6 130 217 24 65
510 28 307 156 16 47
510 22 219 311 26 62
510 19 148 136 14 40
510 6 130 217 23 65
511 28 306 155 15 47
511 19 147 138 14 37
511 6 130 217 24 65
512 28 306 155 16 48
512 19 147 138 14 35
512 6 129 217 22 64
513 28 305 154 16 45
513 19 146 138 14 36
513 6 129 218 21 64
514 28 305 152 16 42
514 19 145 137 15 37
514 6 130 218 22 64
515 31 88 125 13 33
515 28 304 151 16 41
515 19 145 137 14 37
515 6 130 218 22 64
516 31 88 124 12 32
516 28 303 153 14 45
516 19 142 136 12 36
516 6 129 218 21 64
517 28 303 154 13 48
517 19 142 136 11 36
517 6 129 218 21 64
518 31 89 123 13 34
518 28 302 152 14 47
518 19 141 135 11 36
518 6 129 218 20 64
519 31 89 123 13 34
519 28 302 152 13 47
519 19 141 135 11 36
519 6 129 218 20 63
520 31 90 123 14 35
520 28 302 150 13 45
520 19 140 135 10 36
520 6 129 217 20 64
521 31 90 123 14 35
521 28 301 148 13 46
521 19 139 134 11 37
521 6 130 217 21 64
522 31 90 123 14 35
522 28 301 148 12 46
522 19 138 134 12 37
522 6 132 217 23 62
523 31 90 123 14 36
523 28 301 148 12 46
523 19 137 134 13 37
523 6 132 216 23 62
524 31 90 122 14 36
524 28 301 147 13 46
524 22 219 313 27 65
524 19 136 134 15 37
524 6 132 217 20 60
525 31 89 122 13 35
525 28 301 147 13 46
525 19 136 135 15 36
525 6 132 217 20 61
526 31 89 121 13 34
526 28 300 148 13 46
526 19 136 135 15 35
526 6 131 219 18 60
527 31 90 121 11 34
527 28 300 147 12 46
527 19 135 134 14 35
527 6 130 219 17 60
528 31 90 121 11 35
528 28 300 146 13 45
528 19 135 135 15 33
528 6 129 219 17 59
529 31 90 121 11 35
529 28 300 145 13 43
529 19 134 134 14 34
529 6 130 220 17 60
530 31 90 121 11 34
530 28 300 145 13 44
530 19 133 134 13 34
530 6 129 220 17 60
531 31 90 121 10 34
531 28 300 144 13 42
531 19 131 133 11 34
531 6 129 220 17 61
532 31 90 121 10 34
532 28 300 143 13 43
532 22 227 307 43 58
532 19 129 132 11 36
532 6 129 220 16 60
533 31 90 121 10 34
533 28 300 143 13 43
533 19 129 132 11 36
533 6 129 219 15 59
534 31 90 121 10 34
534 28 300 142 14 42
534 19 129 132 11 34
534 6 129 219 16 61
535 31 90 121 10 34
535 28 300 142 14 42
535 19 129 132 12 35
535 6 129 219 15 62
536 32 118 125 11 33
536 31 91 120 10 33
536 28 300 142 14 42
536 22 228 308 45 58
536 19 128 133 12 34
536 6 130 218 15 60
537 31 91 119 11 33
537 28 300 143 13 42
537 22 228 308 44 58
537 19 127 134 13 32
537 6 129 217 16 61
538 31 92 119 12 32
538 28 300 142 13 42
538 19 126 133 14 33
539 31 92 119 12 33
539 28 300 142 13 42
539 19 126 133 12 34
539 6 130 217 16 59
540 31 92 119 12 33
540 28 300 141 13 42
540 22 224 308 38 57
540 6 129 218 17 61
541 32 121 128 16 39
541 31 93 118 13 34
541 28 300 140 13 42
541 6 130 218 17 61
542 32 121 129 16 39
542 31 93 117 14 34
542 28 300 138 12 40
542 19 122 130 11 37
542 6 129 219 18 62
543 31 93 117 14 34
543 28 300 137 12 41
543 22 226 309 41 58
543 19 122 130 12 39
543 6 130 219 18 63
544 31 94 117 14 34
544 28 301 138 12 39
544 19 121 130 10 38
544 6 130 219 20 62
545 31 94 118 14 35
545 28 301 137 12 40
545 19 120 129 12 39
545 6 131 219 20 63
546 31 93 117 13 34
546 28 301 137 12 40
546 19 120 129 13 39
546 6 131 219 20 63
547 31 93 116 14 32
547 28 301 136 12 40
547 22 219 307 26 54
547 19 119 128 11 38
547 6 131 220 22 62
548 35 125 141 8 19
548 33 130 388 18 27
548 31 93 116 13 32
548 28 302 136 14 40
548 22 219 306 26 54
548 19 118 128 12 38
548 6 131 219 23 62
549 35 125 141 8 18
549 33 130 388 18 27
549 31 94 115 13 32
549 28 302 136 14 39
549 22 219 307 26 54
549 19 118 128 11 38
549 6 131 219 24 62
550 35 125 141 8 18
550 33 130 388 18 27
550 31 93 115 13 31
550 28 302 136 14 41
550 22 219 307 26 54
550 19 118 128 12 38
550 6 131 219 23 62
551 33 130 388 18 27
551 31 93 115 12 30
551 28 302 136 15 40
551 22 219 307 27 55
551 6 131 220 23 63
552 35 125 141 10 19
552 33 130 388 18 27
552 31 93 114 12 30
552 28 303 135 15 39
552 22 219 307 27 55
552 6 131 221 22 63
553 33 130 388 18 27
553 31 93 114 12 30
553 28 304 134 14 37
553 22 219 307 27 55
553 6 131 225 18 57
554 33 130 388 18 27
554 31 93 114 12 30
554 28 305 133 13 37
554 22 219 307 27 55
554 6 131 226 17 58
555 33 130 388 18 27
555 31 93 114 12 30
555 28 306 133 12 34
555 22 219 307 27 55
555 6 130 225 16 57
556 33 130 388 18 27
556 31 93 113 11 31
556 28 306 132 11 32
556 22 219 307 27 54
556 6 131 226 15 58
557 33 130 388 18 27
557 31 93 113 11 32
557 28 307 130 11 29
557 22 219 307 27 54
557 6 131 227 14 59
558 33 130 388 18 27
558 31 94 113 12 31
558 28 308 130 11 28
558 22 219 307 27 54
559 33 130 388 18 27
559 31 94 113 11 31
559 28 309 129 12 27
559 22 219 307 27 55
560 33 130 388 18 27
560 31 94 113 12 31
560 28 310 129 11 27
560 22 219 307 27 55
561 33 130 388 18 27
561 31 94 113 12 30
561 28 310 129 11 27
562 33 130 388 18 27
562 31 94 113 12 31
563 33 130 388 18 27
563 31 94 113 12 28
563 28 312 127 10 30
564 33 130 388 18 27
564 31 94 112 12 29
564 28 312 127 10 31
565 33 130 388 18 27
565 31 93 112 12 29
565 28 313 127 9 31
566 33 130 388 18 27
566 31 94 111 13 29
566 28 314 127 9 31
567 33 130 388 18 27
567 31 93 111 13 29
567 28 314 127 9 33
567 6 130 231 14 51
568 31 94 111 13 29
568 22 229 308 46 59
568 6 129 233 14 50
569 31 94 111 14 29
569 22 229 308 46 58
569 6 129 234 17 53
570 31 94 111 14 28
570 22 228 309 46 60
570 6 128 233 18 55
571 31 94 111 13 28
571 28 317 126 14 33
571 22 228 308 45 58
571 6 128 234 19 55
572 31 94 112 13 28
572 28 318 127 14 32
572 22 229 310 47 63
572 6 127 235 20 56
573 31 95 112 11 28
573 28 318 126 14 33
573 22 227 308 43 57
573 6 127 235 21 57
574 31 94 110 14 33
574 28 319 126 14 33
574 22 226 308 41 59
574 6 126 236 22 60
575 31 94 110 14 34
575 28 320 125 13 35
575 22 228 308 45 59
575 6 125 238 22 59
576 28 321 125 12 34
576 22 228 308 45 59
576 6 124 239 22 60
577 28 322 124 11 35
577 22 228 308 45 58
577 6 124 239 24 60
578 28 322 124 11 35
578 22 229 308 46 59
578 6 123 240 24 60
579 22 228 308 45 59
579 6 121 240 23 60
580 22 228 308 45 58
580 6 120 241 22 59
581 22 228 308 45 58
581 6 119 242 22 59
582 22 228 308 45 58
582 6 119 241 22 60
583 22 228 308 44 58
583 6 118 242 22 59
584 22 228 308 44 58
584 6 117 244 23 60
585 22 227 308 43 58
585 6 118 244 22 59
586 22 228 308 46 58
586 6 118 245 21 58
587 22 229 308 46 58
587 6 117 246 21 61
588 22 227 308 44 58
588 6 117 246 22 61
589 22 217 308 22 55
589 6 115 247 24 64
590 6 114 247 23 64
591 6 114 249 22 62
592 6 114 248 22 63
593 31 93 122 11 29
593 6 113 249 22 62
594 31 93 122 11 30
594 6 113 250 21 61
595 31 93 122 11 29
595 6 113 251 21 64
596 31 93 122 11 29
596 6 112 252 20 60
597 31 93 122 11 29
597 6 112 253 21 59
598 31 93 121 10 29
598 6 112 255 22 65
599 6 112 257 22 67
600 6 111 260 23 64
601 6 111 261 23 63
602 6 110 262 23 64
603 6 109 262 24 64
604 6 109 262 25 64
605 6 102 261 26 66
606 6 103 262 27 64
607 6 102 263 26 63
608 6 101 264 23 61
609 6 100 264 22 60
610 31 92 120 9 29
610 6 101 266 18 61
611 6 100 269 23 66
612 6 99 266 24 59
613 6 99 269 24 61
614 6 98 269 25 64
615 6 98 268 24 57
619 31 92 116 9 30
620 31 93 118 9 30
625 22 218 310 26 53
627 22 218 309 26 53
628 22 218 308 25 53
629 22 218 309 25 52
630 31 91 114 9 29
631 22 218 310 27 52
632 22 219 310 27 51
633 22 218 310 25 50
634 31 91 113 9 28
634 22 219 311 27 52
635 37 66 277 20 71
635 22 217 311 23 50
636 37 67 278 25 72
637 37 65 278 25 72
638 37 65 277 25 70
638 22 219 311 27 51
639 37 64 277 27 70
639 31 91 111 8 28
639 22 219 311 28 52
640 37 63 279 27 67
640 31 91 111 8 29
640 22 219 311 28 53
641 37 63 278 28 69
641 31 91 110 8 29
641 22 219 311 27 52
642 37 61 280 28 63
642 31 91 109 8 27
642 22 219 311 27 52
643 37 60 280 31 65
643 31 91 109 8 28
644 37 60 282 30 64
644 31 91 109 8 28
644 22 219 310 27 50
645 37 58 281 31 65
645 31 91 109 8 28
645 22 220 310 28 50
646 37 57 281 31 63
646 31 91 109 8 28
646 22 219 310 27 50
647 37 54 278 25 69
647 31 91 109 8 29
648 37 52 277 24 71
648 31 91 109 8 29
649 37 50 278 22 67
649 31 91 108 8 29
650 37 50 275 22 69
650 31 91 108 8 28
651 37 49 276 22 66
651 31 91 108 8 27
652 37 49 276 21 62
652 31 91 107 8 28
652 22 220 310 29 50
653 37 48 275 21 65
653 31 91 107 8 28
653 22 220 310 29 50
654 37 48 273 21 64
654 31 91 107 8 28
654 22 220 310 28 49
655 37 48 272 21 61
655 31 91 107 8 28
655 22 219 310 27 49
656 31 91 107 8 28
656 22 219 309 26 48
657 37 48 271 20 55
657 31 91 107 8 27
657 22 220 309 29 49
658 37 47 267 20 63
658 31 91 107 8 27
658 22 217 309 22 49
659 37 48 267 20 66
659 31 91 107 8 27
659 22 217 309 23 48
660 37 47 267 20 64
660 31 91 107 8 27
660 22 218 309 26 49
661 37 47 267 20 64
661 31 91 106 8 27
661 22 217 309 23 49
662 38 305 136 12 38
662 37 47 266 20 65
662 31 91 106 8 27
662 22 217 309 22 49
663 38 304 137 11 38
663 31 91 105 8 27
663 22 217 309 23 50
664 38 304 136 11 38
664 31 91 105 8 27
664 22 218 309 25 50
665 38 303 136 12 38
665 31 91 105 8 27
665 22 218 309 23 49
666 38 302 137 13 37
666 22 220 309 28 50
667 38 302 137 13 37
667 22 219 310 26 52
668 38 302 138 12 37
669 38 300 139 15 40
670 38 300 140 15 40
670 37 47 261 19 62
670 22 217 310 21 54
671 38 299 140 15 39
672 38 300 141 12 38
672 37 48 261 18 63
673 38 298 141 15 39
674 38 298 141 15 39
675 38 298 141 14 39
676 38 298 141 14 38
677 38 297 142 14 38
678 38 297 142 14 38
679 38 296 142 14 40
680 38 297 142 13 41
680 37 52 264 19 54
681 38 297 143 13 41
682 38 297 143 13 41
683 38 297 143 13 41
684 38 296 144 13 41
685 38 296 145 12 42
686 38 296 145 13 42
687 38 296 145 13 43
688 38 296 145 13 43
689 38 296 146 14 45
690 38 296 147 14 45
691 38 296 148 14 46
691 37 58 262 19 62
692 38 296 148 14 45
693 38 296 149 13 45
694 38 296 150 13 45
694 37 60 260 21 62
694 22 217 310 24 59
695 38 296 152 13 45
695 37 64 261 18 61
696 38 297 152 13 45
697 38 297 152 14 45
697 37 64 260 19 66
698 38 297 152 13 46
698 37 65 259 19 66
699 38 298 152 13 46
699 37 65 259 19 69
700 38 298 153 14 46
700 37 67 259 22 70
701 38 298 153 14 46
701 37 66 258 20 69
702 38 299 155 14 47
702 37 67 258 19 69
703 38 299 156 15 48
703 37 68 259 17 65
704 38 299 157 15 48
705 38 299 158 15 48
706 38 299 158 15 47
706 37 71 254 23 70
707 38 300 158 16 47
707 37 71 253 24 70
708 38 300 158 16 46
708 37 74 253 22 70
709 38 301 158 15 46
709 37 73 252 26 69
710 38 302 158 14 44
710 37 77 252 26 67
711 38 302 158 15 45
711 37 77 252 26 66
712 38 302 160 15 47
712 37 77 253 26 68
713 38 302 162 14 48
713 37 78 252 26 69
714 38 303 163 14 49
714 37 78 252 28 69
715 38 304 165 17 50
715 37 80 252 28 69
716 38 304 166 18 50
716 37 81 251 27 67
717 38 305 167 17 50
717 37 81 251 27 67
718 38 305 167 16 49
718 37 82 250 27 67
719 38 306 168 15 47
719 37 82 251 24 66
721 38 309 169 14 46
721 37 87 249 21 62
722 38 311 169 15 45
723 38 311 170 14 46
723 37 89 248 17 65
724 38 313 171 15 48
724 37 89 248 17 66
725 38 313 171 15 45
725 37 90 247 20 65
726 38 314 171 16 46
726 37 92 247 22 64
727 38 314 172 17 43
727 37 93 246 23 67
728 38 315 173 16 41
728 37 93 247 22 67
729 38 315 174 15 40
729 37 93 246 21 65
730 38 316 174 15 39
730 37 94 246 20 64
731 38 317 174 12 39
732 38 318 174 14 38
733 38 318 174 13 39
734 38 319 174 13 38
735 37 100 240 15 65
736 38 320 175 15 37
736 37 102 240 20 65
737 39 130 388 17 27
737 37 101 241 17 61
738 39 130 388 17 27
738 37 101 240 17 60
739 39 130 388 17 27
739 38 327 176 16 29
739 37 102 239 20 63
740 39 130 388 17 27
740 38 328 176 14 30
740 37 102 241 19 60
741 40 90 104 7 24
741 39 130 388 17 27
741 38 330 175 15 30
741 37 103 238 20 63
742 40 90 104 7 24
742 39 130 388 17 27
742 38 331 175 14 30
742 37 103 240 18 59
743 40 90 104 7 24
743 39 130 388 17 27
743 38 332 175 13 30
743 37 104 239 18 60
744 40 90 105 8 25
744 39 130 388 17 27
744 38 333 176 15 31
744 37 104 241 17 55
745 40 90 105 8 25
745 39 130 388 17 27
745 38 338 177 22 32
745 37 105 241 16 52
746 40 90 105 8 25
746 39 130 388 17 27
746 38 338 177 21 30
746 37 106 240 17 55
747 40 91 105 8 25
747 39 130 388 17 27
747 37 106 239 17 55
748 40 91 106 8 25
748 39 130 389 17 27
748 37 107 237 15 60
749 40 91 106 8 25
749 39 130 388 17 27
750 40 91 106 8 26
750 39 130 388 17 27
750 37 108 238 15 58
751 40 91 106 8 25
751 39 130 388 17 27
752 40 91 107 8 26
752 39 130 388 17 27
752 37 109 234 18 65
753 40 91 107 8 27
753 39 130 388 17 27
754 40 91 107 8 27
754 39 130 388 17 27
755 40 91 108 8 27
755 39 130 388 17 27
756 40 91 108 8 27
756 39 130 388 17 27
757 40 92 108 9 27
758 40 91 108 8 27
759 40 91 108 8 27
760 41 354 189 11 24
760 40 92 108 8 27
761 40 92 108 8 27
762 40 92 108 8 27
763 40 92 108 8 27
764 40 91 109 8 27
765 40 91 109 9 26
766 40 91 110 8 27
767 40 92 110 9 27
768 43 270 376 32 84
768 40 92 110 9 27
769 43 270 376 32 84
769 42 366 195 12 20
769 40 92 110 9 27
770 43 270 376 32 85
770 40 92 110 9 27
771 43 270 376 32 84
771 40 92 110 9 27
772 43 270 376 32 84
772 40 92 110 9 28
773 40 92 111 9 28
774 43 271 378 33 81
774 40 92 112 9 30
775 43 271 376 33 84
776 43 271 378 33 80
778 37 109 234 21 60
779 37 110 235 23 64
780 37 110 236 22 61
781 40 91 113 10 31
781 37 110 236 23 62
782 40 91 113 10 31
783 40 90 113 11 30
783 37 109 238 26 61
784 37 110 238 26 62
785 44 220 312 28 59
786 44 219 313 27 55
786 37 110 238 27 61
787 47 399 214 13 34
787 44 218 312 25 54
787 37 110 237 27 61
788 40 91 117 9 31
788 37 110 237 27 62
789 46 398 235 20 55
789 44 219 313 26 56
789 40 91 116 9 33
789 37 109 237 24 58
790 46 400 235 24 57
790 44 219 313 27 56
790 40 91 116 10 35
790 37 108 238 23 57
791 46 401 235 27 60
791 45 240 313 27 41
791 44 219 313 27 58
791 40 91 116 10 36
791 37 108 238 22 56
792 46 401 239 28 53
792 44 219 312 27 58
792 43 269 379 30 78
792 40 91 116 9 35
792 37 108 237 24 57
793 46 404 236 29 61
793 45 228 310 44 62
793 44 219 312 27 57
793 43 269 379 30 79
793 40 91 117 9 33
793 37 108 237 23 53
794 48 231 318 50 79
794 46 407 237 25 62
794 45 228 309 45 61
794 44 219 311 27 56
794 40 92 112 11 45
795 49 412 238 18 58
795 48 231 318 51 79
795 45 229 309 46 61
795 40 92 112 12 45
796 49 413 240 19 55
796 46 411 251 16 32
796 45 228 309 45 59
796 44 219 313 26 52
796 40 92 112 12 47
797 49 417 227 13 34
797 46 412 251 15 32
797 45 229 309 47 60
797 44 219 313 27 54
798 49 416 240 17 54
798 48 231 316 51 74
798 44 219 314 27 52
799 49 417 241 19 53
799 48 230 319 51 80
799 45 229 308 48 58
799 40 91 120 9 30
800 49 421 241 26 62
800 48 230 321 53 86
800 45 229 308 48 57
800 40 91 120 9 30
801 49 422 242 29 62
801 48 232 323 54 88
801 45 230 308 48 58
801 40 91 120 9 31
801 37 105 238 24 52
802 49 423 242 31 62
802 48 231 325 55 92
802 45 230 308 48 58
802 40 92 119 9 31
802 37 105 239 24 50
803 49 424 248 32 56
803 48 232 317 54 77
803 45 229 308 47 58
803 40 91 120 10 30
803 37 105 237 25 54
804 49 425 246 33 63
804 48 232 317 54 78
804 45 229 308 47 58
804 40 91 119 10 31
805 49 435 247 17 62
805 48 233 324 57 91
805 45 229 308 47 58
805 40 91 120 10 30
806 50 439 246 22 63
806 48 233 324 57 91
806 45 229 308 47 58
806 40 91 120 9 30
807 50 440 246 22 64
807 48 233 324 58 91
807 45 229 308 47 58
807 40 91 120 10 30
808 50 440 246 24 64
808 49 438 252 20 51
808 48 233 324 58 91
808 45 229 308 47 58
808 40 92 120 10 31
809 50 440 247 22 61
809 49 436 253 15 48
809 48 234 322 58 87
809 45 229 308 47 59
809 40 92 120 10 31
810 49 440 265 17 25
810 48 236 317 63 76
810 45 229 308 47 59
810 40 92 120 10 31
810 37 102 238 21 64
811 50 443 255 24 61
811 45 228 308 48 59
811 40 92 120 10 31
811 37 102 239 20 60
812 50 445 255 28 60
812 45 229 308 48 59
812 40 92 120 10 31
813 50 446 259 30 56
813 45 229 308 48 60
813 40 92 120 10 32
814 50 446 260 31 57
814 45 229 309 48 60
814 40 93 120 10 32
814 37 101 242 23 59
815 50 450 259 31 62
815 48 229 323 53 89
815 45 229 309 48 60
815 40 93 120 10 32
815 37 99 242 20 58
816 50 453 261 29 58
816 48 230 324 53 90
816 45 229 309 48 61
816 40 93 121 10 32
816 37 100 242 20 58
817 50 461 262 18 57
817 45 229 310 48 62
817 40 93 121 10 33
817 37 98 242 18 58
818 51 464 247 13 30
818 50 458 261 23 58
818 45 229 310 47 62
818 40 93 121 10 33
818 37 99 242 20 58
819 51 465 247 13 32
819 50 460 264 19 49
819 45 229 309 47 60
819 37 99 242 22 59
820 50 462 264 20 53
820 37 98 242 20 58
821 50 464 264 24 56
821 37 97 241 19 61
822 50 466 264 27 57
822 37 97 241 20 61
823 50 468 265 31 58
823 37 98 240 21 63
824 50 469 267 33 60
824 37 98 240 20 63
825 50 469 269 34 58
825 37 98 240 22 64
826 50 472 270 33 61
826 37 98 240 23 65
827 50 482 270 19 61
827 40 94 124 10 30
827 37 97 240 23 66
828 50 483 271 17 61
828 40 94 124 10 30
828 37 96 241 22 68
829 50 484 273 17 56
829 40 94 124 10 30
829 37 94 242 19 67
830 50 483 271 23 59
830 40 95 124 9 30
830 37 95 242 20 66
831 53 485 284 17 35
831 52 492 262 11 28
831 40 96 125 9 29
831 37 96 245 19 61
832 50 488 274 23 55
832 40 96 125 9 29
832 37 95 244 19 62
833 50 489 275 25 53
833 40 96 125 9 28
833 37 95 244 21 63
834 50 490 279 28 57
834 45 229 313 48 67
834 40 97 125 9 29
834 37 95 244 20 62
835 50 492 279 31 61
835 45 229 314 47 68
835 40 97 125 10 29
835 37 95 245 20 61
836 50 496 282 37 65
836 45 229 313 48 68
836 40 98 125 10 29
836 37 95 245 22 61
837 50 495 287 32 55
837 45 229 313 48 67
837 40 98 125 10 30
837 37 95 244 22 62
838 50 498 286 30 57
838 45 229 313 47 68
838 40 98 125 10 30
838 37 95 245 22 61
839 50 501 286 26 55
839 45 229 313 47 68
839 37 95 246 17 59
840 50 504 286 24 55
840 45 229 313 47 68
840 37 95 245 20 61
841 50 508 288 21 51
841 45 219 314 27 62
841 37 95 248 16 55
842 50 510 292 20 43
842 45 219 314 27 61
842 37 95 248 16 55
843 50 510 295 22 42
843 45 219 314 27 60
843 37 95 248 16 55
844 50 512 296 26 40
844 45 219 314 27 60
844 37 95 248 16 55
845 50 516 290 34 56
845 45 219 314 27 60
845 37 95 248 16 55
846 50 516 291 34 58
846 45 219 314 27 61
846 37 95 248 16 54
847 50 518 293 35 54
847 45 219 314 27 60
847 37 95 248 16 54
848 45 219 314 26 60
848 37 95 248 16 54
849 45 218 313 26 59
850 45 218 314 26 59
850 37 95 248 17 55
851 45 219 314 26 60
851 37 96 248 17 54
852 54 537 285 14 32
852 45 218 314 26 60
852 37 96 248 17 56
853 55 269 378 33 80
853 45 218 314 25 60
853 37 96 247 18 56
